Case #1: 
18 19
17 20
Case #2: 
4210 5690 7048
2894 4454 9600
Case #3: 
3502 4804 4468 3530 60
4978 3430 3732 4224
Case #4: 
3344 4328 2008
3710 440 3690 576 1264
Case #5: 
72337 91554
1414 34511 44352 83614
Case #6: 
97047 99682 34026 4069 53720 31507 13026
72946 69289 98893 91949
Case #7: 
68291 79364 46238 74962
50236 44219 97928 62377 14095
Case #8: 
57908 27402 26909 64317
41262 73927 38012 23335
Case #9: 
2351 4228 3359
3572 4911 1455
Case #10: 
95129 76097 76330
79687 55401 37596 6787 68085
