5 2
3 7
8 10
5 2
9 11
21 18
8 6
5 2 20 1 30 10
23 15 7 9 11 3
40 50 34 24 14 4
9 10 11 12 13 14
31 4 18 8 27 17
44 32 13 19 41 19
1 2 3 4 5 6
80 37 47 18 21 9
30 10
11 22 65 73 88 18 69 40 65 68
1 89 95 49 48 63 70 42 48 17
52 72 35 63 55 34 53 10 86 32
16 92 69 3 35 41 17 72 42 60
3 94 12 19 44 37 74 12 4 45
65 65 73 92 68 32 50 18 39 97
77 30 27 10 61 66 33 40 26 13
98 41 91 9 58 15 77 35 66 64
50 37 44 21 24 34 89 65 26 75
64 22 12 47 92 78 100 13 4 5
76 17 9 70 51 59 34 77 87 47
2 19 92 90 39 38 16 10 22 57
10 97 28 16 57 30 84 95 4 30
37 86 99 53 8 68 87 56 85 98
55 26 83 50 4 10 9 88 66 14
21 58 84 100 33 44 20 23 97 12
60 98 67 84 90 94 10 26 88 53
85 97 93 77 41 84 18 42 70 7
64 25 7 59 15 84 42 35 22 16
89 99 58 15 41 95 8 15 96 91
83 98 41 44 37 51 98 18 63 99
91 57 44 22 55 61 26 85 45 40
79 58 10 61 34 72 7 89 42 9
55 30 56 97 41 45 89 63 92 8
1 54 82 90 8 41 73 83 28 62
83 97 69 38 55 59 61 76 15 34
18 36 55 19 78 28 32 97 9 37
92 45 61 40 44 39 26 47 48 85
69 29 77 80 41 4 76 95 56 50
91 93 18 71 72 42 85 81 34 50
30 10
3 87 23 19 96 55 57 5 8 8
80 85 74 39 5 79 20 48 16 34
36 9 67 95 94 58 39 98 27 35
97 15 17 1 98 34 40 86 29 2
7 18 29 11 24 26 94 63 18 8
1 98 65 38 15 81 90 31 53 74
49 63 83 32 89 24 14 19 77 13
63 67 37 26 46 30 90 47 41 7
97 58 36 86 83 94 16 78 90 60
97 28 99 78 95 59 52 70 7 47
74 41 88 6 3 41 64 52 17 15
90 60 35 52 5 99 64 91 29 57
72 97 20 42 68 94 54 92 59 80
78 44 22 61 45 61 38 3 87 80
67 52 84 87 60 65 82 93 14 68
79 57 63 4 55 96 20 61 70 82
27 3 12 12 12 55 61 21 87 88
18 22 86 16 93 40 29 83 55 61
12 18 76 43 89 88 77 32 60 8
5 46 47 79 72 94 70 70 18 89
44 29 24 28 52 87 57 73 71 5
28 98 84 100 49 53 41 75 67 17
85 93 77 40 85 55 86 40 48 50
7 45 71 59 83 48 39 32 80 42
97 56 10 67 36 92 7 61 69 36
91 9 79 39 59 60 69 50 98 21
2 82 65 91 38 18 8 7 58 34
26 26 78 62 67 89 3 72 31 8
20 42 85 31 36 42 36 67 14 72
49 17 62 79 29 69 59 6 67 3
30 10
98 76 91 79 64 72 43 92 10 86
59 86 21 83 87 97 40 80 58 8
82 93 64 72 39 84 79 87 9 13
13 25 58 70 88 29 68 97 14 97
63 69 9 19 73 43 76 87 40 25
96 90 21 26 19 57 27 80 84 85
87 64 71 5 73 20 34 20 30 76
40 51 76 14 63 91 6 55 43 90
42 100 94 32 3 69 90 19 22 52
20 100 1 73 28 46 64 59 46 80
99 48 54 55 74 99 85 39 94 74
14 80 100 57 8 41 66 25 88 30
92 81 50 20 3 6 73 30 28 71
75 75 11 79 46 70 31 61 45 11
38 75 25 8 19 6 21 4 2 40
57 77 53 33 72 77 65 82 6 33
15 43 98 32 64 60 31 4 19 68
82 62 88 68 80 39 43 97 22 7
34 50 84 47 72 32 92 3 24 74
33 18 44 57 35 84 21 99 80 58
7 91 41 65 90 13 60 49 34 16
77 36 80 95 94 16 37 44 47 53
54 52 42 77 28 99 11 66 10 54
20 5 57 6 60 33 82 53 89 26
34 57 94 20 99 17 34 35 36 17
4 80 64 97 10 3 87 97 99 8
72 5 40 43 81 68 96 42 42 27
56 32 14 26 79 14 94 29 41 13
41 85 16 6 11 94 20 42 3 47
54 53 42 18 21 37 40 19 48 37
30 10
10 43 40 39 94 39 65 3 1 52
35 10 60 80 55 86 73 13 25 19
88 59 30 58 54 11 68 32 11 55
12 77 61 74 22 15 75 61 61 63
69 72 82 27 80 7 63 3 87 24
91 59 10 95 53 95 65 93 80 3
1 4 97 97 19 46 2 7 65 15
81 39 9 51 74 71 68 10 91 10
34 38 47 30 81 48 34 57 33 83
20 42 96 27 46 16 39 32 30 59
33 64 42 20 88 13 76 80 46 50
81 78 67 56 26 70 23 61 90 61
15 58 36 39 25 66 10 63 8 77
59 14 3 84 69 7 1 36 97 19
2 45 76 8 9 41 70 50 51 37
4 51 37 97 92 82 92 98 57 14
85 60 93 15 16 52 33 95 18 35
10 83 48 68 32 50 95 35 4 28
45 77 41 44 11 6 22 42 71 1
38 2 13 11 71 95 42 100 79 13
13 11 28 13 18 37 90 64 20 2
55 99 76 79 1 51 82 98 47 94
81 9 73 91 49 72 65 10 7 51
48 61 20 41 10 7 73 21 51 42
23 15 97 12 24 60 86 49 98 67
82 2 86 93 11 54 49 74 3 59
82 11 67 66 10 26 15 95 29 90
38 30 88 5 69 12 32 56 88 35
11 94 5 9 19 5 32 47 32 76
1 75 34 90 49 72 68 59 20 79
