511 11814485
255 569669
383 2688153
127 58775
447 711725
191 37131
319 7895
63 2207
479 28099
223 23117
351 3879
95 3879
415 6073
159 1695
287 79
31 79
495 346719
239 128821
367 120407
111 5719
431 120149
175 143
303 7895
47 143
463 1177
207 27
335 219
79 27
399 91
143 27
271 23
15 23
503 4817803
247 569669
375 697563
119 47089
439 613479
183 37131
311 6307
55 2207
471 28099
215 10089
343 3879
87 3879
407 6073
151 707
279 79
23 79
487 48041
231 35785
359 48041
103 5719
423 1337
167 143
295 167
39 143
455 1177
199 27
327 219
71 27
391 91
135 3
263 13
7 3
507 11814485
251 569669
379 2688153
123 58775
443 711725
187 37131
315 7895
59 2207
475 28099
219 23117
347 3879
91 3879
411 6073
155 1695
283 79
27 79
491 346719
235 128821
363 120407
107 5719
427 120149
171 143
299 7895
43 143
459 1177
203 27
331 219
75 27
395 91
139 27
267 23
11 23
499 4817803
243 569669
371 697563
115 47089
435 613479
179 37131
307 6307
51 2207
467 28099
211 10089
339 3879
83 3879
403 6073
147 707
275 79
19 79
483 48041
227 35785
355 48041
99 5719
419 1337
163 143
291 167
35 143
451 1177
195 27
323 219
67 27
387 91
131 3
259 13
3 3
509 11814485
253 569669
381 245035
125 48769
445 218301
189 37131
317 49
61 49
477 28099
221 4977
349 3879
93 1975
413 4577
157 415
285 49
29 49
493 246297
237 6393
365 34527
109 1001
429 29913
173 125
301 7
45 7
461 1177
205 27
333 219
77 27
397 91
141 27
269 7
13 5
501 2662657
245 569669
373 245035
117 47089
437 71735
181 2753
309 49
53 49
469 9867
213 4977
341 608
85 216
405 1033
149 415
277 44
21 6
485 48041
229 6393
357 34527
101 1001
421 1337
165 125
293 7
37 7
453 1177
197 27
325 97
69 8
389 91
133 3
261 7
5 2
505 11814485
249 569669
377 245035
121 48769
441 218301
185 37131
313 49
57 49
473 28099
217 4977
345 3879
89 1975
409 4577
153 415
281 49
25 49
489 246297
233 6393
361 34527
105 1001
425 29913
169 125
297 7
41 7
457 1177
201 27
329 219
73 27
393 91
137 27
265 7
9 5
497 2662657
241 569669
369 245035
113 47089
433 71735
177 2753
305 49
49 49
465 9867
209 4977
337 608
81 216
401 1033
145 415
273 44
17 6
481 48041
225 6393
353 34527
97 1001
417 1337
161 125
289 7
33 7
449 1177
193 27
321 97
65 8
385 91
129 3
257 7
510 11814485
254 569669
382 2688153
126 58775
446 711725
190 37131
318 7895
62 2207
478 28099
222 23117
350 3879
94 3879
414 6073
158 1695
286 79
30 79
494 346719
238 128821
366 120407
110 5719
430 120149
174 143
302 7895
46 143
462 1177
206 27
334 219
78 27
398 91
142 27
270 23
14 23
502 4817803
246 569669
374 697563
118 47089
438 613479
182 37131
310 6307
54 2207
470 28099
214 10089
342 3879
86 3879
406 6073
150 707
278 79
22 79
486 48041
230 35785
358 48041
102 5719
422 1337
166 143
294 167
38 143
454 1177
198 27
326 219
70 27
390 91
134 3
262 13
6 3
506 11814485
250 569669
378 2688153
122 58775
442 711725
186 37131
314 7895
58 2207
474 28099
218 23117
346 3879
90 3879
410 6073
154 1695
282 79
26 79
490 346719
234 128821
362 120407
106 5719
426 120149
170 143
298 7895
42 143
458 1177
202 27
330 219
74 27
394 91
138 27
266 23
10 23
498 4817803
242 569669
370 697563
114 47089
434 613479
178 37131
306 6307
50 2207
466 28099
210 10089
338 3879
82 3879
402 6073
146 707
274 79
18 79
482 48041
226 35785
354 48041
98 5719
418 1337
162 143
290 167
34 143
450 1177
194 27
322 219
66 27
386 91
130 3
258 13
508 11814485
252 569669
380 245035
124 48769
444 218301
188 37131
316 49
60 49
476 28099
220 4977
348 3879
92 1975
412 4577
156 415
284 49
28 49
492 246297
236 6393
364 34527
108 1001
428 29913
172 125
300 7
44 7
460 1177
204 27
332 219
76 27
396 91
140 27
268 7
12 5
500 2662657
244 569669
372 245035
116 47089
436 71735
180 2753
308 49
52 49
468 9867
212 4977
340 608
84 216
404 1033
148 415
276 44
20 6
484 48041
228 6393
356 34527
100 1001
420 1337
164 125
292 7
36 7
452 1177
196 27
324 97
68 8
388 91
132 3
260 7
504 11814485
248 569669
376 245035
120 48769
440 218301
184 37131
312 49
56 49
472 28099
216 4977
344 3879
88 1975
408 4577
152 415
280 49
24 49
488 246297
232 6393
360 34527
104 1001
424 29913
168 125
296 7
40 7
456 1177
200 27
328 219
72 27
392 91
136 27
264 7
496 2662657
240 569669
368 245035
112 47089
432 71735
176 2753
304 49
48 49
464 9867
208 4977
336 608
80 216
400 1033
144 415
272 44
480 48041
224 6393
352 34527
96 1001
416 1337
160 125
288 7
448 1177
192 27
320 97
384 91
